Run:0 - Avg:22.00630664511948 - Roll:18.814813291082547 - Target:2.00630664511948

Run:0 - Avg:29.068519918072145 - Roll:32.34121198433716 - Target:0.9314800819278553

